1948  2  -7.63987
1949  2  -7.99843
1950  2  -8.31321
1951  2  -11.2521
1952  2  -8.77565
1953  2  -7.59686
1954  2  -10.3072
1955  2  -9.4718
1956  2  -10.7126
1957  2  -11.1883
1958  2  -9.3271
1959  2  -8.65757
1960  2  -9.85551
1961  2  -8.61219
1962  2  -8.18279
1963  2  -7.38628
1964  2  -10.0715
1965  2  -8.39942
1966  2  -9.29636
1967  2  -9.09265
1968  2  -8.99817
1969  2  -14.9484
1970  2  -10.2713
1971  2  -10.5133
1972  2  -11.8669
1973  2  -9.24242
1974  2  -11.7912
1975  2  -7.86043
1976  2  -9.4919
1977  2  -10.8733
1978  2  -9.07024
1979  2  -9.20794
1980  2  -10.6317
1981  2  -7.95601
1982  2  -9.0865
1983  2  -6.89801
1984  2  -10.2009
1985  2  -10.2609
1986  2  -8.58384
1987  2  -8.60542
1988  2  -9.6192
1989  2  -7.60856
1990  2  -7.73126
1991  2  -9.34938
1992  2  -7.28294
1993  2  -7.70688
1994  2  -9.50658
1995  2  -7.04614
1996  2  -10.6815
1997  2  -7.11492
1998  2  -8.08956
1999  2  -8.70588
2000  2  -8.50601
2001  2  -8.93093
2002  2  -5.01094
2003  2  -7.49771
2004  2  -7.2684
2005  2  -9.36644
2006  2  -9.11957
2007  2  -6.76305
2008  2  -8.23155
2009  2  -8.2492
2010  2  -11.1131
2011  2  -9.88262
2012  2  -10.4082
2013  2  -8.15043
2014  2  -8.8416
2015  2  -6.76426
2016  2  -6.74329
2017  2  -7.09851
2018  2  -8.4513
2019  2  -7.18838
2020  2  -5.8789
