1950  1  -14.497
1951  1  -15.6974
1952  1  -10.9652
1953  1  -13.1535
1954  1  -14.872
1955  1  -13.39
1956  1  -14.8378
1957  1  -14.4589
1958  1  -10.6847
1959  1  -12.4359
1960  1  -13.4392
1961  1  -11.9613
1962  1  -11.2271
1963  1  -10.8764
1964  1  -13.2873
1965  1  -12.1132
1966  1  -12.144
1967  1  -15.6496
1968  1  -13.0503
1969  1  -19.5815
1970  1  -12.6331
1971  1  -13.9511
1972  1  -14.7336
1973  1  -12.7658
1974  1  -14.0453
1975  1  -12.5469
1976  1  -12.6463
1977  1  -16.4851
1978  1  -12.7412
1979  1  -12.4244
1980  1  -13.0429
1981  1  -11.0513
1982  1  -12.0788
1983  1  -9.53186
1984  1  -12.9661
1985  1  -15.356
1986  1  -12.3092
1987  1  -12.1826
1988  1  -12.8754
1989  1  -10.7854
1990  1  -10.7993
1991  1  -11.7303
1992  1  -10.8875
1993  1  -10.9234
1994  1  -13.4405
1995  1  -10.7019
1996  1  -13.5681
1997  1  -11.3069
1998  1  -12.8856
1999  1  -9.51137
2000  1  -10.5294
2001  1  -12.3735
2002  1  -9.16438
2003  1  -13.1051
2004  1  -9.91909
2005  1  -13.5184
2006  1  -13.6585
2007  1  -8.69336
2008  1  -13.2502
2009  1  -11.7774
2010  1  -15.0896
2011  1  -13.9273
2012  1  -14.496
2013  1  -13.4535
2014  1  -12.2261
2015  1  -10.1319
2016  1  -9.63405
2017  1  -11.0483
2018  1  -12.4141
2019  1  -12.4334
2020  1  -8.15142
